1	146,1.0;106,1.0;550,1.0;598,1.0;333,1.0;473,0.9622504486493763;511,0.9258200997725514;9,0.9185586535436918;13,0.8783100656536799;366,0.8728715609439696
10	179,1.0;192,1.0;575,1.0;574,1.0;568,1.0;56,1.0;478,1.0;384,1.0;315,1.0;136,1.0
100	123,1.0;74,1.0;281,1.0;338,1.0;360,1.0;55,1.0;364,1.0;537,1.0;378,1.0;276,0.9860295813311666
101	48,1.0;327,1.0;559,1.0;311,1.0;576,1.0;310,1.0;585,1.0;595,1.0;284,1.0;601,1.0
102	408,1.0;463,1.0;466,1.0;473,1.0;479,1.0;501,1.0;80,1.0;97,1.0;567,1.0;143,1.0
103	578,1.0;406,1.0;35,1.0;245,1.0;207,1.0;431,0.9716656205775167;508,0.9607689228305228;26,0.9486832980505138;333,0.944911182523068;242,0.9070371250141012
104	545,1.0;158,1.0;228,1.0;245,1.0;270,1.0;278,1.0;293,1.0;324,1.0;192,0.9672471299049062;345,0.9271726499455306
105	456,1.0;360,1.0;389,1.0;90,1.0;481,1.0;206,1.0;207,1.0;250,1.0;364,0.9819805060619657;26,0.9428090415820635
106	1,1.0;161,1.0;19,1.0;199,1.0;208,1.0;234,1.0;25,1.0;303,1.0;317,1.0;325,1.0
107	183,1.0;450,1.0;457,1.0;463,1.0;471,1.0;479,1.0;491,1.0;493,1.0;544,1.0;550,1.0
108	196,1.0;191,1.0;123,1.0;124,1.0;13,1.0;148,1.0;147,1.0;554,1.0;549,1.0;541,1.0
109	258,1.0;250,1.0;30,1.0;285,1.0;272,1.0;422,1.0;146,1.0;143,1.0;97,1.0;74,1.0
11	228,1.0;280,1.0;293,1.0;309,1.0;311,1.0;355,1.0;435,1.0;466,1.0;475,1.0;48,1.0
110	149,1.0;139,1.0;80,1.0;609,1.0;604,1.0;583,1.0;575,1.0;563,1.0;539,1.0;482,1.0
111	383,1.0;442,1.0;499,1.0;521,1.0;99,1.0;609,0.9819805060619657;44,0.9430225158385255;29,0.9312661473328351;389,0.9185586535436918;250,0.8838834764831843
112	598,1.0;118,1.0;13,1.0;168,1.0;172,1.0;49,0.9722718241315029;299,0.9607689228305227;9,0.9583727150068314;77,0.9237604307034012;155,0.9185586535436918
113	270,1.0;48,1.0;299,1.0;501,1.0;300,1.0;518,1.0;531,1.0;118,1.0;549,1.0;119,1.0
114	262,1.0;314,1.0;322,1.0;358,1.0;385,1.0;412,1.0;416,1.0;419,1.0;443,1.0;48,1.0
115	556,1.0;508,1.0;471,1.0;398,1.0;396,1.0;358,1.0;320,1.0;289,1.0;271,1.0;250,1.0
116	90,1.0;12,1.0;123,1.0;127,1.0;184,1.0;407,1.0;250,1.0;114,1.0;306,1.0;547,1.0
117	65,1.0;13,1.0;518,1.0;185,1.0;213,1.0;342,1.0;516,1.0;25,1.0;311,1.0;272,1.0
118	304,1.0;284,1.0;26,1.0;237,1.0;427,1.0;223,1.0;214,1.0;46,1.0;479,1.0;524,1.0
119	422,1.0;545,1.0;113,1.0;531,1.0;281,1.0;329,1.0;337,1.0;410,1.0;412,1.0;384,0.9707253433941511
12	427,1.0;578,1.0;580,1.0;385,1.0;592,1.0;602,1.0;349,1.0;347,1.0;83,1.0;331,1.0
120	213,1.0;208,1.0;176,1.0;17,1.0;155,1.0;153,1.0;133,1.0;60,1.0;531,1.0;493,1.0
121	209,1.0;211,1.0;231,1.0;237,1.0;475,1.0;478,1.0;258,1.0;285,1.0;289,1.0;293,1.0
122	161,1.0;578,1.0;531,1.0;355,1.0;568,0.9682458365518541;146,0.944911182523068;48,0.9128709291752769;508,0.9045340337332909;457,0.90267093384844;494,0.8838834764831844
123	377,1.0;281,1.0;259,1.0;225,1.0;149,1.0;185,1.0;116,1.0;101,1.0;108,1.0;100,1.0
124	383,1.0;371,1.0;345,1.0;306,1.0;291,1.0;108,1.0;253,1.0;250,1.0;245,1.0;172,1.0
125	55,1.0;13,1.0;145,1.0;163,1.0;250,1.0;293,1.0;345,1.0;364,1.0;236,0.9864400504156211;427,0.893819357296686
126	460,1.0;511,1.0;487,1.0;146,1.0;70,1.0;61,1.0;581,1.0;237,1.0;550,1.0;252,1.0
127	116,1.0;355,1.0;352,1.0;204,1.0;577,1.0;52,1.0;20,1.0;422,1.0;153,1.0;437,1.0
128	331,1.0;337,1.0;351,1.0;355,1.0;392,1.0;403,1.0;423,1.0;451,1.0;48,1.0;490,1.0
129	207,1.0;421,1.0;360,1.0;289,1.0;496,1.0;49,1.0;472,1.0;327,1.0;333,1.0;194,1.0
13	248,1.0;266,1.0;272,1.0;335,1.0;355,1.0;371,1.0;372,1.0;385,1.0;411,1.0;420,1.0
130	337,1.0;208,1.0;338,1.0;211,1.0;212,1.0;215,1.0;22,1.0;23,1.0;255,1.0;390,1.0
131	575,1.0;101,1.0;26,1.0;291,1.0;310,1.0;353,1.0;364,1.0;392,1.0;397,1.0;505,1.0
132	576,1.0;545,1.0;207,0.9807965956109157;85,0.944911182523068;55,0.944911182523068;157,0.9190182776172596;485,0.8784552768749173;548,0.8700022790772549;423,0.8204011297932119;431,0.816496580927726
133	224,1.0;22,1.0;172,1.0;161,1.0;150,1.0;149,1.0;542,1.0;487,1.0;390,1.0;277,1.0
134	74,1.0;61,1.0;208,1.0;410,1.0;412,1.0;568,1.0;553,1.0;355,1.0;520,1.0;463,1.0
135	550,1.0;576,1.0;184,1.0;175,1.0;146,1.0;281,1.0;289,1.0;595,0.9271726499455306;250,0.9237022282378736;138,0.9079593845004517
136	571,1.0;10,1.0;270,1.0;206,1.0;158,1.0;289,1.0;218,1.0;296,1.0;161,1.0;164,1.0
137	151,1.0;431,1.0;473,1.0;499,1.0;518,1.0;519,1.0;521,1.0;535,1.0;55,1.0;576,1.0
138	27,1.0;267,1.0;254,1.0;244,1.0;230,1.0;23,1.0;195,1.0;509,1.0;15,1.0;552,1.0
139	396,1.0;422,1.0;110,1.0;79,1.0;61,1.0;602,1.0;228,1.0;559,1.0;276,1.0;527,1.0
14	194,1.0;143,1.0;293,1.0;151,1.0;450,1.0;457,1.0;146,1.0;466,1.0;493,1.0;149,1.0
140	397,1.0;138,1.0;146,1.0;207,1.0;459,0.8664002254439634;496,0.6833022976756525;543,0.6458064444887845;440,0.6387140179060972;11,0.6230853024407228;377,0.6125360458331498
141	163,1.0;206,1.0;245,1.0;253,1.0;269,1.0;575,1.0;421,1.0;383,1.0;467,1.0;35,1.0
142	150,1.0;168,1.0;206,1.0;237,1.0;25,1.0;256,1.0;270,1.0;285,1.0;293,1.0;331,1.0
143	359,1.0;368,1.0;541,1.0;54,1.0;536,1.0;535,1.0;533,1.0;373,1.0;375,1.0;379,1.0
144	360,1.0;355,1.0;154,1.0;9,1.0;598,1.0;516,0.9707253433941511;571,0.944911182523068;568,0.9446104285307815;30,0.9315624973261961;252,0.924473451641905
145	118,1.0;568,1.0;527,1.0;510,1.0;503,1.0;471,1.0;465,1.0;441,1.0;416,1.0;409,1.0
146	259,1.0;221,1.0;46,1.0;464,1.0;109,1.0;263,1.0;317,1.0;216,1.0;486,1.0;445,1.0
147	586,1.0;553,1.0;536,1.0;525,1.0;500,1.0;427,1.0;376,1.0;332,1.0;161,1.0;297,1.0
148	506,1.0;526,1.0;361,1.0;34,1.0;577,1.0;84,1.0;294,1.0;261,1.0;202,1.0;2,1.0
149	383,1.0;530,1.0;601,1.0;439,1.0;531,1.0;255,1.0;47,1.0;154,1.0;151,1.0;150,1.0
15	501,1.0;568,1.0;394,1.0;138,1.0;544,1.0;545,1.0;162,1.0;281,1.0;92,1.0;278,1.0
150	353,1.0;142,1.0;70,1.0;465,1.0;196,1.0;374,1.0;308,1.0;273,1.0;133,1.0;395,1.0
151	542,1.0;344,1.0;212,1.0;353,1.0;37,1.0;563,1.0;374,1.0;327,1.0;408,1.0;149,1.0
152	500,1.0;271,1.0;218,1.0;364,1.0;37,1.0;281,1.0;575,1.0;303,1.0;345,1.0;548,1.0
153	546,1.0;556,1.0;388,1.0;568,1.0;571,1.0;595,1.0;507,1.0;127,1.0;333,1.0;360,1.0
154	27,1.0;144,1.0;452,1.0;416,1.0;607,1.0;254,1.0;244,1.0;234,1.0;420,1.0;34,1.0
155	528,1.0;529,1.0;70,1.0;355,1.0;255,1.0;262,1.0;403,1.0;276,1.0;588,1.0;143,1.0
156	207,1.0;184,1.0;60,1.0;598,1.0;146,0.9226129063148777;478,0.9128709291752769;505,0.87719744511179;269,0.8703882797784892;496,0.8703882797784892;538,0.8660254037844386
157	351,1.0;343,1.0;341,1.0;34,1.0;233,1.0;201,1.0;20,1.0;225,1.0;113,1.0;93,1.0
158	244,1.0;239,1.0;230,1.0;222,1.0;405,1.0;500,1.0;178,1.0;169,1.0;72,1.0;82,1.0
159	355,1.0;546,1.0;60,1.0;345,1.0;71,1.0;75,1.0;342,1.0;151,1.0;465,1.0;206,1.0
16	458,1.0;467,1.0;530,1.0;252,1.0;289,1.0;85,1.0;321,1.0;130,1.0;394,1.0;535,0.9684959969581862
160	598,1.0;154,1.0;12,1.0;252,1.0;575,0.8944271909999159;110,0.8796127674356687;278,0.8257228238447705;60,0.8051610483161056;168,0.7935404475982815;262,0.780532362705589
161	54,1.0;102,1.0;404,1.0;81,1.0;588,1.0;227,1.0;86,1.0;88,1.0;449,1.0;94,1.0
162	289,1.0;172,1.0;542,1.0;567,1.0;52,1.0;210,1.0;10,1.0;15,1.0;443,1.0;435,1.0
163	279,1.0;83,1.0;601,1.0;59,1.0;488,1.0;223,1.0;125,1.0;209,1.0;431,1.0;365,1.0
164	130,1.0;584,1.0;574,1.0;569,1.0;548,1.0;500,1.0;486,1.0;470,1.0;468,1.0;46,1.0
165	283,1.0;311,1.0;355,1.0;378,1.0;430,1.0;491,1.0;531,1.0;539,1.0;543,1.0;575,1.0
166	35,1.0;342,1.0;289,1.0;250,1.0;499,0.944911182523068;87,0.944911182523068;360,0.944911182523068;341,0.944911182523068;270,0.9393364366277243;505,0.9006863799659567
167	576,1.0;285,1.0;311,1.0;467,1.0;535,1.0;544,1.0;550,0.9707253433941511;258,0.9622504486493763;87,0.9486832980505138;499,0.9467292624062575
168	8,1.0;81,1.0;340,1.0;90,1.0;353,1.0;364,1.0;94,1.0;37,1.0;99,1.0;236,1.0
169	505,1.0;499,1.0;481,1.0;421,1.0;324,1.0;168,1.0;158,1.0;568,1.0;548,0.9525793444156804;494,0.9438798074485389
17	545,1.0;595,1.0;85,1.0;289,1.0;281,1.0;270,1.0;269,1.0;257,1.0;120,1.0;206,1.0
170	309,1.0;293,1.0;278,1.0;237,1.0;210,1.0;209,1.0;188,1.0;12,1.0;161,1.0;75,1.0
171	311,1.0;271,1.0;478,1.0;463,1.0;185,1.0;390,1.0;461,0.9890707100936805;73,0.987829161147262;363,0.9500692495536146;418,0.9465421799531384
172	242,1.0;114,1.0;210,1.0;207,1.0;13,1.0;67,1.0;190,1.0;58,1.0;571,1.0;566,1.0
173	369,1.0;377,1.0;390,1.0;401,1.0;443,1.0;510,1.0;567,1.0;558,1.0;196,1.0;22,1.0
174	549,1.0;558,1.0;591,1.0;393,1.0;168,0.9933992677987828;89,0.9607689228305227;316,0.8164965809277261;231,0.7559289460184544;75,0.6933752452815364;277,0.6488856845230502
175	600,1.0;135,1.0;406,1.0;20,1.0;216,1.0;298,1.0;57,1.0;580,1.0;10,0.944911182523068;177,0.9428090415820635
176	12,1.0;558,1.0;70,1.0;375,1.0;377,1.0;120,1.0;390,1.0;420,1.0;422,1.0;435,1.0
177	207,0.9496769021284366;175,0.9428090415820635;472,0.8558328240269798;87,0.8353351483845165;383,0.819688599970537;296,0.8165775785551191;451,0.7914059945699531;578,0.7882282432397739;576,0.7777777777777778;481,0.7453862417234768
178	535,1.0;547,1.0;595,1.0;92,1.0;158,1.0;143,1.0;250,1.0;259,1.0;285,1.0;35,1.0
179	296,1.0;303,1.0;309,1.0;487,1.0;143,1.0;390,1.0;601,1.0;450,1.0;10,1.0;188,1.0
18	12,1.0;547,1.0;576,1.0;595,1.0;85,0.9847319278346618;147,0.9622504486493763;508,0.8944271909999159;568,0.8861469461982083;529,0.8660254037844387;578,0.8660254037844386
180	80,1.0;581,1.0;88,1.0;93,1.0;34,1.0;118,1.0;203,1.0;471,1.0;537,1.0;390,1.0
181	311,1.0;439,1.0;401,1.0;377,1.0;460,1.0;365,1.0;98,1.0;188,1.0;194,1.0;210,0.944911182523068
182	578,1.0;92,0.9641089191635357;473,0.8695459444380105;358,0.8664485777182117;375,0.8342117478500644;281,0.8161607813737631;296,0.8143450992293859;320,0.8134892168199607;338,0.7823007038435039;451,0.7768985960673559
183	591,1.0;574,1.0;508,1.0;47,1.0;451,1.0;441,1.0;107,1.0;331,1.0;327,1.0;320,1.0
184	198,1.0;533,1.0;377,1.0;503,1.0;313,1.0;478,1.0;322,1.0;116,1.0;338,1.0;135,1.0
185	423,1.0;454,1.0;463,1.0;498,1.0;502,1.0;518,1.0;52,1.0;520,1.0;537,1.0;549,1.0
186	537,1.0;471,1.0;338,1.0;327,1.0;293,1.0;147,1.0;568,1.0;85,1.0;9,1.0;278,1.0
187	207,1.0;238,1.0;250,1.0;508,1.0;478,1.0;120,0.9920947376656813;595,0.9784921095801633;529,0.9607689228305227;151,0.9607689228305227;90,0.936585811581694
188	265,1.0;15,1.0;271,1.0;443,1.0;276,1.0;285,1.0;286,1.0;287,1.0;423,1.0;592,1.0
189	96,1.0;598,1.0;565,1.0;5,1.0;496,1.0;467,1.0;306,1.0;291,1.0;184,0.9864400504156211;70,0.8660254037844387
19	324,1.0;306,1.0;106,1.0;578,1.0;499,1.0;9,0.9762956279494204;459,0.9428090415820635;118,0.9271726499455306;358,0.9101820546182063;388,0.8910421112136306
190	411,1.0;294,1.0;281,1.0;172,1.0;235,1.0;224,1.0;180,1.0;85,1.0;565,1.0;518,1.0
191	341,1.0;408,1.0;399,1.0;398,1.0;342,1.0;393,1.0;225,1.0;228,1.0;369,1.0;255,1.0
192	439,1.0;408,1.0;365,1.0;224,1.0;196,1.0;10,1.0;523,1.0;491,1.0;98,1.0;34,0.9773555548504418
193	529,1.0;496,1.0;467,1.0;44,1.0;394,1.0;377,1.0;371,1.0;161,1.0;324,1.0;293,1.0
194	424,1.0;89,1.0;181,1.0;384,1.0;373,1.0;370,1.0;342,1.0;337,1.0;195,1.0;280,1.0
195	138,1.0;9,1.0;544,1.0;518,1.0;496,1.0;478,1.0;473,1.0;257,1.0;214,1.0;194,1.0
196	299,1.0;316,1.0;321,1.0;335,1.0;37,1.0;456,1.0;468,1.0;472,1.0;48,1.0;496,1.0
197	333,1.0;571,1.0;196,1.0;543,1.0;403,1.0;264,1.0;89,1.0;396,1.0;563,1.0;591,1.0
198	320,1.0;184,1.0;245,1.0;538,0.9958705948858224;258,0.9684747092264968;496,0.944911182523068;85,0.9434563530497265;609,0.9400193421607683;350,0.9058216273156765;530,0.875
199	106,1.0;207,0.944911182523068;366,0.9116846116771036;451,0.9087389347953038;502,0.8933849932833623;269,0.8763560920082657;506,0.8703882797784892;521,0.8528028654224417;478,0.813733471206735;518,0.8011927448021526
2	416,1.0;363,1.0;370,1.0;240,1.0;148,1.0;93,1.0;60,1.0;51,1.0;143,1.0;313,1.0
20	472,1.0;127,1.0;498,1.0;183,1.0;511,1.0;516,1.0;535,1.0;54,1.0;296,1.0;157,1.0
200	406,1.0;85,1.0;238,1.0;320,1.0;508,0.9891004919611718;496,0.9539590550898286;87,0.944911182523068;431,0.917662935482247;90,0.9128709291752769;207,0.8941755350443602
201	236,1.0;207,1.0;539,1.0;157,1.0;154,1.0;194,1.0;378,1.0;329,1.0;299,1.0;281,1.0
202	505,1.0;148,1.0;545,0.9575175804338617;245,0.8866206949335731;289,0.8838834764831844;429,0.875;250,0.8606629658238705;218,0.8528028654224417;99,0.7842934903910445;440,0.7548841232025608
203	180,1.0;402,1.0;384,1.0;575,1.0;565,1.0;255,1.0;530,1.0;346,1.0;500,1.0;496,1.0
204	271,1.0;377,1.0;457,1.0;463,1.0;468,1.0;228,1.0;49,1.0;524,1.0;337,1.0;101,1.0
205	591,1.0;234,1.0;585,1.0;65,1.0;559,1.0;95,1.0;421,1.0;422,1.0;526,1.0;78,1.0
206	48,1.0;479,1.0;467,1.0;465,1.0;464,1.0;46,1.0;212,1.0;216,1.0;420,1.0;415,1.0
207	473,1.0;222,1.0;220,1.0;215,1.0;212,1.0;201,1.0;596,1.0;78,1.0;82,1.0;84,1.0
208	37,1.0;362,1.0;350,1.0;339,1.0;511,1.0;319,1.0;31,1.0;300,1.0;273,1.0;272,1.0
209	262,1.0;598,1.0;20,1.0;163,1.0;260,1.0;447,1.0;185,1.0;229,1.0;58,1.0;36,1.0
21	440,1.0;245,1.0;194,1.0;85,1.0;574,1.0;188,1.0;431,0.9736842105263158;530,0.9526610232449336;571,0.9258200997725515;507,0.9045340337332909
210	185,1.0;262,1.0;300,1.0;316,1.0;337,1.0;390,1.0;398,1.0;410,1.0;431,1.0;449,1.0
211	297,1.0;574,1.0;571,1.0;299,1.0;130,1.0;218,1.0;48,1.0;163,1.0;176,1.0;9,1.0
212	207,1.0;107,1.0;151,1.0;12,1.0;130,1.0;206,1.0;85,1.0;575,1.0;535,1.0;529,1.0
213	546,1.0;538,1.0;516,1.0;479,1.0;476,1.0;470,1.0;450,1.0;409,1.0;314,1.0;311,1.0
214	475,1.0;275,1.0;47,1.0;223,1.0;452,1.0;424,1.0;118,1.0;353,1.0;341,1.0;325,1.0
215	107,1.0;207,1.0;130,1.0;257,1.0;321,1.0;350,1.0;355,1.0;388,1.0;394,1.0;431,1.0
216	213,1.0;175,1.0;248,1.0;269,1.0;295,1.0;297,1.0;107,1.0;364,1.0;403,1.0;421,1.0
217	388,1.0;253,1.0;139,0.9864400504156211;378,0.944911182523068;245,0.9438798074485389;487,0.8660254037844387;127,0.8288497269823397;158,0.8006407690254357;471,0.7644707871564383;90,0.7562353416046435
218	89,1.0;88,1.0;261,1.0;265,1.0;323,1.0;329,1.0;152,1.0;211,1.0;546,1.0;542,1.0
219	289,1.0;194,0.9438798074485389;388,0.9045340337332909;228,0.868355775857085;299,0.8487572940393373;547,0.8251369970070347;296,0.8022026699454494;505,0.8003675626198988;502,0.7892552127883173;85,0.7857142857142857
22	584,1.0;92,1.0;250,1.0;173,1.0;130,1.0;27,1.0;278,1.0;107,1.0;133,1.0;321,1.0
220	55,1.0;207,1.0;253,1.0;333,1.0;467,1.0;423,0.9955035743441994;250,0.9819805060619657;278,0.975342893301088;320,0.9707253433941511;138,0.970725343394151
221	429,1.0;306,1.0;146,1.0;459,0.9819805060619657;360,0.9801960588196068;250,0.944911182523068;363,0.930976461419499;289,0.9039269230979203;277,0.8794269798371535;281,0.8703882797784892
222	85,1.0;556,1.0;545,1.0;529,1.0;481,1.0;442,1.0;440,1.0;158,1.0;360,1.0;320,1.0
223	214,1.0;146,1.0;163,1.0;546,1.0;456,1.0;450,1.0;388,1.0;350,1.0;278,1.0;118,1.0
224	164,1.0;133,1.0;173,1.0;192,1.0;190,1.0;208,1.0;73,1.0;598,1.0;536,1.0;528,1.0
225	85,1.0;264,1.0;10,1.0;540,1.0;23,1.0;532,1.0;5,1.0;422,1.0;404,1.0;399,1.0
226	333,0.953747635118964;431,0.906791323933042;299,0.8844917079291071;575,0.8770580193070293;85,0.8660254037844386;26,0.8613567692141089;209,0.8269645870612735;87,0.8235052638205963;90,0.8073408085876409;473,0.7896876230562841
227	371,1.0;161,1.0;316,1.0;145,1.0;277,1.0;101,1.0;143,1.0;146,1.0;427,1.0;27,0.944911182523068
228	345,1.0;359,1.0;375,1.0;389,1.0;390,1.0;433,1.0;436,1.0;441,1.0;444,1.0;456,1.0
229	61,1.0;209,1.0;546,1.0;539,1.0;521,1.0;502,1.0;487,1.0;450,1.0;449,1.0;417,1.0
23	475,1.0;394,1.0;389,1.0;35,1.0;340,1.0;315,1.0;299,1.0;225,1.0;138,1.0;145,1.0
230	585,1.0;526,1.0;406,1.0;403,1.0;296,1.0;269,1.0;245,1.0;228,1.0;74,1.0;158,1.0
231	121,1.0;179,1.0;81,1.0;598,1.0;476,1.0;47,1.0;43,1.0;423,1.0;341,1.0;284,1.0
232	236,1.0;90,1.0;147,1.0;87,1.0;442,1.0;431,1.0;575,0.9597108232309786;278,0.944911182523068;55,0.9098574502141228;535,0.9021937088963173
233	518,1.0;516,1.0;478,1.0;188,1.0;157,1.0;9,1.0;595,1.0;120,1.0;55,1.0;383,0.9707253433941511
234	378,1.0;400,1.0;154,1.0;440,1.0;496,1.0;505,1.0;147,1.0;238,1.0;143,1.0;207,1.0
235	60,1.0;85,1.0;190,1.0;143,1.0;101,1.0;250,1.0;252,1.0;285,1.0;293,1.0;188,1.0
236	374,1.0;201,1.0;232,1.0;348,1.0;341,1.0;310,1.0;281,1.0;265,1.0;261,1.0;465,1.0
237	394,1.0;398,1.0;410,1.0;422,1.0;468,1.0;527,1.0;118,1.0;575,1.0;126,1.0;598,1.0
238	376,1.0;390,1.0;392,1.0;395,1.0;40,1.0;411,1.0;420,1.0;461,1.0;486,1.0;509,1.0
239	158,1.0;467,1.0;499,1.0;127,1.0;360,0.9607689228305227;87,0.9428090415820635;431,0.917662935482247;519,0.9138136809811873;36,0.8968646891933242;595,0.8703882797784892
24	431,1.0;392,1.0;384,1.0;371,1.0;35,1.0;271,1.0;12,1.0;163,1.0;9,1.0;595,1.0
240	73,1.0;231,1.0;2,1.0;268,1.0;309,1.0;338,1.0;188,1.0;390,1.0;466,1.0;467,1.0
241	234,1.0;259,1.0;281,1.0;37,1.0;374,1.0;395,1.0;398,1.0;491,1.0;569,1.0;575,1.0
242	172,1.0;183,1.0;208,1.0;110,1.0;70,1.0;585,1.0;553,1.0;531,1.0;523,1.0;490,1.0
243	164,1.0;296,1.0;283,1.0;161,1.0;231,1.0;549,1.0;265,1.0;255,1.0;461,1.0;129,1.0
244	154,1.0;478,1.0;508,1.0;581,1.0;583,1.0;585,1.0;598,1.0;188,1.0;138,1.0;158,1.0
245	82,1.0;124,1.0;96,1.0;103,1.0;98,1.0;198,1.0;309,1.0;222,1.0;21,1.0;113,1.0
246	558,1.0;81,1.0;90,1.0;146,1.0;145,1.0;25,1.0;26,1.0;285,1.0;35,1.0;360,1.0
247	127,1.0;92,1.0;575,1.0;518,1.0;345,1.0;333,1.0;310,1.0;207,1.0;194,1.0;36,0.9434563530497265
248	13,1.0;216,1.0;283,1.0;29,1.0;296,1.0;310,1.0;349,1.0;355,1.0;375,1.0;398,1.0
249	431,0.9551338658818386;324,0.9433700705169153;194,0.917662935482247;250,0.8794969309128648;578,0.8703882797784892;85,0.8660254037844387;508,0.8660254037844387;568,0.7997879215821081;44,0.7915797017229526;422,0.7782850284497359
25	142,1.0;246,1.0;106,1.0;276,1.0;117,1.0;301,1.0;349,1.0;373,1.0;411,1.0;436,1.0
250	109,1.0;166,1.0;159,1.0;187,1.0;162,1.0;125,1.0;116,1.0;22,1.0;222,1.0;105,1.0
251	252,1.0;455,1.0;491,1.0;272,1.0;22,0.9045340337332909;297,0.7745966692414834;343,0.75;265,0.7092993656151906;242,0.6123724356957946;195,0.606217782649107
252	160,1.0;16,1.0;235,1.0;251,1.0;27,1.0;276,1.0;314,1.0;325,1.0;349,1.0;372,1.0
253	551,1.0;602,1.0;62,1.0;76,1.0;80,1.0;87,1.0;401,1.0;362,1.0;359,1.0;351,1.0
254	442,1.0;478,1.0;502,1.0;506,1.0;518,1.0;547,1.0;253,1.0;250,1.0;157,1.0;138,1.0
255	602,1.0;70,1.0;155,1.0;191,1.0;172,1.0;130,1.0;203,1.0;149,1.0;243,1.0;257,1.0
256	142,1.0;571,1.0;321,1.0;324,1.0;579,1.0;347,1.0;587,1.0;377,1.0;379,1.0;12,1.0
257	426,1.0;430,1.0;195,1.0;212,1.0;44,1.0;593,1.0;553,1.0;495,1.0;215,1.0;108,1.0
258	605,1.0;6,1.0;594,1.0;588,1.0;585,1.0;527,1.0;453,1.0;410,1.0;440,1.0;439,1.0
259	146,1.0;98,1.0;458,1.0;237,1.0;537,1.0;539,1.0;126,1.0;398,1.0;375,1.0;133,1.0
26	59,1.0;168,1.0;246,1.0;118,1.0;208,1.0;131,1.0;293,1.0;32,1.0;203,1.0;400,1.0
260	107,1.0;255,1.0;184,1.0;206,1.0;283,1.0;303,1.0;324,1.0;35,1.0;37,1.0;431,1.0
261	148,1.0;218,1.0;488,1.0;502,1.0;507,1.0;535,1.0;285,1.0;575,1.0;583,1.0;60,1.0
262	155,1.0;257,1.0;70,1.0;276,1.0;289,1.0;114,1.0;209,1.0;210,1.0;567,1.0;316,1.0
263	299,1.0;324,1.0;329,1.0;546,1.0;547,1.0;146,1.0;184,0.9901475429766744;576,0.944911182523068;533,0.9135002783911397;574,0.9074852129730302
264	297,1.0;412,1.0;184,1.0;225,1.0;407,1.0;262,1.0;582,1.0;568,1.0;539,1.0;371,1.0
265	423,1.0;218,1.0;143,1.0;146,1.0;236,1.0;243,1.0;188,1.0;324,1.0;327,1.0;333,1.0
266	13,1.0;315,1.0;429,1.0;431,1.0;467,1.0;511,1.0;519,1.0;74,1.0;472,0.9707253433941508;440,0.9622504486493763
267	468,1.0;319,1.0;329,1.0;333,1.0;353,1.0;138,1.0;40,1.0;143,1.0;433,1.0;258,1.0
268	529,1.0;550,1.0;257,1.0;145,1.0;240,1.0;258,1.0;250,1.0;242,1.0;206,1.0;278,1.0
269	308,1.0;323,1.0;340,1.0;369,1.0;259,1.0;382,1.0;396,1.0;399,1.0;412,1.0;418,1.0
27	526,1.0;539,1.0;545,1.0;548,1.0;549,1.0;568,1.0;22,1.0;154,1.0;9,1.0;87,1.0
270	142,1.0;113,1.0;335,1.0;340,1.0;341,1.0;382,1.0;395,1.0;399,1.0;104,1.0;415,1.0
271	115,1.0;188,1.0;146,1.0;171,1.0;269,1.0;164,1.0;24,1.0;101,1.0;152,1.0;287,1.0
272	377,1.0;133,1.0;491,1.0;512,1.0;373,1.0;588,1.0;72,1.0;54,1.0;541,1.0;58,1.0
273	250,1.0;396,1.0;390,1.0;337,1.0;326,1.0;311,1.0;52,1.0;543,1.0;564,1.0;571,1.0
274	245,0.8660254037844387;194,0.8590724013932584;289,0.7921180343813394;250,0.7663405103332186;157,0.7621606285435935;595,0.7513009550107068;473,0.740036556499596;502,0.7148678676716869;335,0.7030435447111132;316,0.6951157213478173
275	481,1.0;214,1.0;146,1.0;496,0.9692948572674897;37,0.9045340337332909;333,0.8944271909999159;360,0.8807048459279793;184,0.8728715609439696;208,0.8660254037844387;150,0.8660254037844387
276	262,1.0;252,1.0;155,1.0;25,1.0;297,1.0;342,1.0;344,1.0;35,1.0;362,1.0;139,1.0
277	589,1.0;94,1.0;227,1.0;450,1.0;412,1.0;408,1.0;159,1.0;374,1.0;373,1.0;362,1.0
278	566,1.0;568,1.0;172,1.0;58,1.0;186,1.0;223,1.0;22,1.0;305,1.0;325,1.0;104,1.0
279	163,1.0;161,1.0;250,1.0;36,1.0;392,1.0;481,1.0;501,1.0;55,1.0;575,1.0;345,0.9432422182837986
28	158,0.9449111825230679;214,0.8703882797784892;583,0.8678333919815742;442,0.8385566513510483;250,0.7735737130957593;530,0.7707139547199077;467,0.7566444492037343;575,0.7008850777290727;496,0.6943650748294136;285,0.6943650748294136
280	107,1.0;429,1.0;154,1.0;231,1.0;11,1.0;228,1.0;194,1.0;250,1.0;97,1.0;536,1.0
281	80,1.0;82,1.0;89,1.0;152,1.0;101,1.0;201,1.0;119,1.0;190,1.0;100,1.0;286,1.0
282	324,1.0;518,1.0;556,1.0;595,1.0;85,1.0;87,1.0;92,1.0;506,0.9819805060619657;35,0.9746972340815896;151,0.9518172686249524
283	502,1.0;494,1.0;493,1.0;487,1.0;120,1.0;165,1.0;154,1.0;222,1.0;243,1.0;183,1.0
284	412,1.0;396,1.0;231,1.0;36,1.0;101,1.0;118,1.0;601,1.0;554,1.0;214,1.0;466,1.0
285	188,1.0;117,1.0;107,1.0;235,1.0;167,1.0;315,1.0;345,1.0;377,1.0;386,1.0;402,1.0
286	188,1.0;269,1.0;145,1.0;281,1.0;85,1.0;158,1.0;87,1.0;333,1.0;35,1.0;377,1.0
287	228,1.0;205,1.0;134,1.0;299,1.0;327,1.0;340,1.0;349,1.0;407,1.0;429,1.0;442,1.0
288	506,0.9154754164341269;87,0.8125;60,0.8109307588519342;194,0.7983599269290327;175,0.7559289460184544;519,0.7528546674887229;431,0.7481320020807246;281,0.7469573911071198;565,0.7354477519243411;388,0.7319250547113999
289	82,1.0;470,1.0;262,1.0;516,1.0;573,1.0;588,1.0;149,1.0;16,1.0;162,1.0;268,1.0
29	396,1.0;501,1.0;507,1.0;530,1.0;574,1.0;176,1.0;238,1.0;120,1.0;248,1.0;34,1.0
290	30,1.0;306,1.0;397,1.0;473,1.0;478,1.0;48,1.0;529,1.0;550,1.0;151,1.0;87,0.944911182523068
291	67,1.0;131,1.0;189,1.0;317,1.0;323,1.0;108,1.0;361,1.0;400,1.0;435,1.0;472,1.0
292	87,1.0;85,1.0;278,1.0;320,0.959403223600247;55,0.9433700705169153;345,0.9045340337332909;383,0.9028289727756885;192,0.8750750267954219;92,0.8660254037844387;194,0.8660254037844387
293	145,1.0;125,1.0;235,1.0;238,1.0;269,1.0;107,1.0;153,1.0;104,1.0;26,1.0;176,1.0
294	190,1.0;154,1.0;148,1.0;333,1.0;250,1.0;515,1.0;519,1.0;272,1.0;496,0.9958705948858224;423,0.9845131950723716
295	40,1.0;426,1.0;430,1.0;436,1.0;439,1.0;457,1.0;47,1.0;481,1.0;493,1.0;557,1.0
296	130,1.0;230,1.0;568,1.0;97,1.0;136,1.0;20,1.0;179,1.0;176,1.0;243,1.0;180,1.0
297	431,1.0;549,1.0;399,1.0;147,1.0;73,1.0;583,1.0;97,1.0;366,1.0;338,1.0;228,1.0
298	175,1.0;207,1.0;429,1.0;150,0.951104003688189;172,0.9315516419063741;499,0.9219637950580112;335,0.9061843460728407;595,0.8944271909999159;147,0.8660254037844387;35,0.8660254037844387
299	211,1.0;196,1.0;287,1.0;23,1.0;29,1.0;268,1.0;295,1.0;343,1.0;361,1.0;369,1.0
3	183,1.0;95,1.0;91,0.9773555548504418;362,0.8660254037844387;524,0.8660254037844386;313,0.8333333333333334;580,0.7795119555779044;244,0.7559289460184544;522,0.7378647873726218;271,0.6933752452815364
30	395,1.0;411,1.0;447,1.0;458,1.0;512,1.0;536,1.0;542,1.0;58,1.0;588,1.0;6,1.0
300	36,1.0;366,1.0;210,1.0;208,1.0;113,1.0;180,1.0;207,1.0;5,1.0;500,1.0;565,1.0
301	496,1.0;502,1.0;506,1.0;575,1.0;30,1.0;163,1.0;25,1.0;250,1.0;155,1.0;518,0.9986254289035241
302	369,1.0;37,1.0;382,1.0;392,1.0;407,1.0;418,1.0;439,1.0;449,1.0;46,1.0;465,1.0
303	46,1.0;476,1.0;478,1.0;535,1.0;206,1.0;544,1.0;73,1.0;152,1.0;191,1.0;106,1.0
304	508,1.0;146,1.0;598,1.0;118,1.0;358,1.0;205,0.9486832980505138;473,0.944911182523068;487,0.9045340337332909;540,0.8872442622820285;271,0.8228507357554792
305	278,1.0;568,0.9409658158863513;214,0.909717652294684;502,0.8844737206810911;158,0.8660254037844386;485,0.8600261451922269;375,0.8486342233325574;296,0.8248043973151822;444,0.8131761462216232;518,0.8017837257372732
306	124,1.0;221,1.0;116,1.0;87,1.0;77,1.0;578,1.0;552,1.0;441,1.0;415,1.0;396,1.0
307	138,1.0;545,0.9607689228305227;508,0.9221944563447217;338,0.831994484534947;473,0.8067945371076832;575,0.8051610483161056;85,0.7925939239012171;449,0.7910634350552163;289,0.7551801306330631;496,0.7368829309332041
308	150,1.0;467,1.0;456,1.0;269,1.0;350,1.0;320,1.0;12,1.0;281,1.0;44,0.9045340337332909;145,0.8783100656536799
309	170,1.0;225,1.0;559,1.0;541,1.0;78,1.0;499,1.0;498,1.0;94,1.0;574,1.0;245,1.0
31	293,1.0;168,1.0;257,1.0;12,1.0;295,1.0;127,1.0;188,1.0;595,1.0;208,1.0;108,1.0
310	101,1.0;236,1.0;529,1.0;185,1.0;389,1.0;457,1.0;107,1.0;43,1.0;456,1.0;247,1.0
311	602,1.0;165,1.0;83,1.0;273,1.0;382,1.0;402,1.0;69,1.0;73,1.0;464,1.0;47,1.0
312	143,1.0;250,1.0;157,1.0;392,1.0;396,1.0;406,1.0;327,1.0;574,1.0;568,1.0;473,1.0
313	184,1.0;281,1.0;2,1.0;406,1.0;556,1.0;568,0.9684959969581862;35,0.9045340337332909;55,0.8971610618398336;575,0.8703882797784892;333,0.8660254037844387
314	213,1.0;252,1.0;511,1.0;371,1.0;311,1.0;205,1.0;407,1.0;114,1.0;143,1.0;595,1.0
315	23,1.0;356,1.0;571,1.0;285,1.0;45,1.0;266,1.0;250,1.0;10,1.0;185,1.0;268,1.0
316	423,1.0;396,1.0;386,1.0;227,1.0;337,1.0;335,1.0;151,1.0;161,1.0;14,1.0;548,1.0
317	250,1.0;106,1.0;257,1.0;146,1.0;440,1.0;481,1.0;516,1.0;575,1.0;206,1.0;291,1.0
318	442,1.0;158,1.0;576,1.0;575,0.8910421112136306;392,0.867527617235709;242,0.8369418726012026;293,0.8051610483161056;384,0.7995783625194786;548,0.7752025329784147;545,0.7637626158259734
319	479,1.0;208,1.0;556,1.0;409,1.0;168,1.0;267,1.0;70,1.0;60,1.0;193,0.958706236059213;268,0.9428090415820635
32	329,1.0;9,1.0;88,1.0;595,1.0;591,1.0;576,1.0;550,1.0;537,1.0;531,1.0;523,1.0
320	183,1.0;539,1.0;543,1.0;555,1.0;200,1.0;244,1.0;222,1.0;41,1.0;198,1.0;82,1.0
321	196,1.0;16,1.0;443,1.0;439,1.0;431,1.0;352,1.0;97,1.0;591,1.0;67,1.0;365,1.0
322	550,1.0;114,1.0;315,1.0;184,1.0;324,1.0;521,0.944911182523068;90,0.9271726499455306;386,0.9165587597202866;360,0.9045340337332909;245,0.9041944301794651
323	255,1.0;161,1.0;473,1.0;502,1.0;546,1.0;36,1.0;291,1.0;556,1.0;467,1.0;539,1.0
324	89,1.0;79,1.0;417,1.0;271,1.0;602,1.0;169,1.0;437,1.0;559,1.0;256,1.0;265,1.0
325	471,1.0;252,1.0;278,1.0;403,1.0;146,1.0;250,1.0;214,1.0;366,1.0;106,1.0;358,1.0
326	530,1.0;538,1.0;293,1.0;377,1.0;27,1.0;188,1.0;575,1.0;259,1.0;271,1.0;389,1.0
327	507,1.0;504,1.0;366,1.0;186,1.0;312,1.0;487,1.0;56,1.0;101,1.0;158,1.0;410,1.0
328	333,1.0;85,1.0;467,1.0;431,0.9819805060619657;87,0.9707253433941508;499,0.917662935482247;194,0.8850055530533806;320,0.8783100656536799;364,0.875;342,0.8610722241228919
329	438,1.0;149,1.0;119,1.0;464,1.0;218,1.0;267,1.0;113,1.0;201,1.0;310,1.0;384,1.0
33	576,1.0;143,1.0;516,1.0;257,1.0;505,1.0;544,1.0;154,1.0;440,1.0;2,1.0;218,0.9933992677987828
330	499,1.0;138,1.0;146,0.9979487157886733;207,0.996615895540124;568,0.9963167462326072;320,0.9819805060619657;278,0.944911182523068;87,0.944911182523068;147,0.926416441283515;253,0.9185586535436918
331	373,1.0;394,1.0;402,1.0;164,1.0;250,1.0;81,1.0;79,1.0;329,1.0;128,1.0;302,1.0
332	147,1.0;333,1.0;499,1.0;576,1.0;578,1.0;293,1.0;516,0.9858435728860858;206,0.9801960588196068;120,0.9737289911202953;269,0.9707253433941511
333	220,1.0;286,1.0;48,1.0;265,1.0;1,1.0;328,1.0;153,1.0;129,1.0;357,1.0;280,1.0
334	146,1.0;421,1.0;90,1.0;9,1.0;293,1.0;502,0.9939332099323634;568,0.9707253433941511;377,0.9707253433941508;87,0.9704949588309457;494,0.9363291775690445
335	48,1.0;196,1.0;511,1.0;303,1.0;311,1.0;487,1.0;70,1.0;270,1.0;73,1.0;74,1.0
336	161,1.0;207,1.0;293,1.0;36,1.0;371,1.0;518,1.0;595,1.0;88,0.9490707529566208;342,0.944911182523068;213,0.9432422182837986
337	50,1.0;36,1.0;101,1.0;515,1.0;338,1.0;20,1.0;210,1.0;293,1.0;128,1.0;542,1.0
338	340,1.0;337,1.0;379,1.0;172,1.0;422,1.0;186,1.0;43,1.0;467,1.0;471,1.0;473,1.0
339	208,1.0;431,1.0;442,1.0;508,1.0;521,1.0;578,1.0;35,1.0;324,0.9819805060619657;289,0.9411764705882353;574,0.9319250841510426
34	29,1.0;516,1.0;205,1.0;154,1.0;44,1.0;148,1.0;157,1.0;409,1.0;363,1.0;342,1.0
340	209,1.0;269,1.0;272,1.0;490,1.0;523,1.0;471,1.0;456,1.0;350,1.0;309,1.0;389,1.0
341	236,1.0;389,1.0;2,1.0;170,1.0;191,1.0;214,1.0;536,1.0;157,1.0;487,1.0;49,1.0
342	56,1.0;40,1.0;592,1.0;159,1.0;383,1.0;602,1.0;344,1.0;393,1.0;185,1.0;34,1.0
343	293,1.0;250,1.0;467,1.0;500,1.0;502,1.0;299,1.0;173,1.0;157,1.0;536,1.0;548,1.0
344	571,1.0;558,1.0;32,1.0;276,1.0;529,1.0;242,1.0;355,1.0;472,1.0;145,1.0;342,1.0
345	206,1.0;482,1.0;56,1.0;143,1.0;504,1.0;247,1.0;346,1.0;306,1.0;567,1.0;278,1.0
346	345,1.0;439,1.0;478,1.0;245,1.0;511,1.0;492,1.0;557,1.0;158,1.0;203,1.0;143,1.0
347	471,1.0;12,1.0;256,1.0;261,1.0;161,1.0;497,1.0;73,1.0;67,1.0;439,1.0;531,1.0
348	512,1.0;353,1.0;143,1.0;303,1.0;85,1.0;459,1.0;458,1.0;236,1.0;40,1.0;364,1.0
349	478,1.0;479,1.0;296,1.0;25,1.0;341,1.0;546,1.0;303,1.0;287,1.0;377,1.0;252,1.0
35	178,1.0;370,1.0;419,1.0;557,1.0;166,1.0;24,1.0;409,1.0;23,1.0;553,1.0;283,1.0
350	229,1.0;208,1.0;450,1.0;531,1.0;408,1.0;5,1.0;436,1.0;89,1.0;243,1.0;344,1.0
351	394,1.0;40,1.0;403,1.0;31,1.0;451,1.0;46,1.0;120,1.0;48,1.0;5,1.0;575,1.0
352	431,1.0;429,1.0;609,1.0;321,1.0;127,1.0;207,1.0;575,0.9847319278346618;44,0.9707253433941511;146,0.9607689228305227;360,0.9437014308415509
353	98,1.0;345,1.0;348,1.0;439,1.0;342,1.0;110,1.0;71,1.0;172,1.0;250,1.0;151,1.0
354	245,1.0;92,1.0;87,1.0;184,1.0;127,0.944911182523068;250,0.9001487972234686;146,0.8947368421052632;147,0.8770580193070293;161,0.8728715609439696;398,0.867227382716513
355	134,1.0;11,1.0;490,1.0;178,1.0;127,1.0;165,1.0;122,1.0;39,1.0;95,1.0;558,1.0
356	505,1.0;315,1.0;442,1.0;595,1.0;293,1.0;60,0.9819805060619657;243,0.9534625892455924;123,0.9291228286772588;389,0.9263671131731709;377,0.9179137201652661
357	333,1.0;576,1.0;158,0.8660254037844386;575,0.8451542547285166;37,0.8327759027217359;85,0.8153662578175233;145,0.8137645993922752;277,0.8075728530872482;338,0.7613974175141786;472,0.7434370736874351
358	556,1.0;261,1.0;390,1.0;114,1.0;587,1.0;115,1.0;403,1.0;80,1.0;161,1.0;93,1.0
359	9,1.0;180,1.0;598,1.0;295,1.0;271,1.0;207,1.0;575,1.0;388,1.0;398,1.0;253,1.0
36	377,1.0;38,1.0;386,1.0;396,1.0;404,1.0;416,1.0;421,1.0;430,1.0;435,1.0;436,1.0
360	246,1.0;100,1.0;222,1.0;88,1.0;518,1.0;387,1.0;432,1.0;523,1.0;534,1.0;113,1.0
361	299,1.0;394,1.0;148,1.0;291,1.0;406,1.0;371,1.0;454,1.0;473,1.0;259,1.0;257,0.9819805060619657
362	225,1.0;101,1.0;208,1.0;364,1.0;44,1.0;451,1.0;529,1.0;276,1.0;161,1.0;575,1.0
363	521,1.0;71,1.0;575,1.0;569,1.0;102,1.0;206,1.0;73,1.0;224,1.0;22,1.0;472,1.0
364	478,1.0;495,1.0;497,1.0;542,1.0;73,1.0;100,1.0;362,1.0;152,1.0;125,1.0;348,1.0
365	530,1.0;536,1.0;181,1.0;324,1.0;467,1.0;157,1.0;566,1.0;579,1.0;133,1.0;40,1.0
366	89,1.0;488,1.0;558,1.0;533,1.0;300,1.0;297,1.0;327,1.0;325,1.0;39,1.0;398,1.0
367	154,1.0;585,1.0;574,1.0;146,1.0;296,1.0;449,1.0;243,1.0;537,1.0;88,1.0;505,1.0
368	143,1.0;154,1.0;519,1.0;505,1.0;106,1.0;598,1.0;281,0.9819805060619657;576,0.9630868246861536;207,0.9438798074485389;90,0.9135002783911397
369	529,1.0;533,1.0;537,1.0;544,1.0;431,1.0;550,1.0;575,1.0;389,1.0;299,1.0;9,1.0
37	196,1.0;168,1.0;96,1.0;71,1.0;540,1.0;531,1.0;497,1.0;471,1.0;149,1.0;225,1.0
370	35,1.0;194,1.0;271,1.0;281,1.0;184,1.0;49,1.0;2,1.0;496,1.0;392,0.990568792748115;299,0.9819805060619657
371	524,1.0;78,1.0;579,1.0;591,1.0;314,1.0;84,1.0;24,1.0;450,1.0;193,1.0;124,1.0
372	278,1.0;511,1.0;252,1.0;245,1.0;13,1.0;581,1.0;473,1.0;550,1.0;281,1.0;48,1.0
373	348,1.0;422,1.0;511,1.0;250,1.0;430,1.0;143,1.0;194,1.0;331,1.0;272,1.0;97,1.0
374	152,1.0;441,1.0;277,1.0;151,1.0;471,1.0;74,1.0;479,1.0;48,1.0;90,1.0;529,1.0
375	550,1.0;536,1.0;535,1.0;523,1.0;507,1.0;505,1.0;494,1.0;481,1.0;243,1.0;457,1.0
376	257,1.0;278,1.0;505,1.0;502,1.0;454,1.0;421,1.0;147,1.0;238,1.0;535,0.9715365547505717;60,0.9707253433941511
377	518,1.0;46,1.0;458,1.0;444,1.0;442,1.0;427,1.0;38,1.0;375,1.0;36,1.0;349,1.0
378	96,1.0;594,1.0;165,1.0;20,1.0;201,1.0;591,1.0;234,1.0;245,1.0;100,1.0;350,1.0
379	143,1.0;256,1.0;558,1.0;466,1.0;98,1.0;338,1.0;309,1.0;393,0.9773555548504418;216,0.944911182523068;326,0.928840728025648
38	289,1.0;278,1.0;467,1.0;494,1.0;377,1.0;209,1.0;487,1.0;430,1.0;456,1.0;44,1.0
380	547,1.0;85,1.0;147,0.8401680504168059;515,0.8268106308031117;245,0.8164965809277261;253,0.7726472648789457;150,0.7720994244411862;9,0.7606837606837606;506,0.7172417274099839;87,0.7135060680126758
381	499,1.0;333,0.8807048459279793;228,0.8257228238447705;25,0.7969027679765226;2,0.7894736842105263;55,0.7880959276911595;496,0.7745966692414834;30,0.7708687846369005;194,0.7637155440798606;157,0.7586206896551724
382	157,1.0;289,1.0;302,1.0;207,1.0;481,1.0;269,1.0;163,1.0;531,1.0;270,1.0;101,1.0
383	457,1.0;141,1.0;416,1.0;342,1.0;271,1.0;264,1.0;482,1.0;484,1.0;149,1.0;208,1.0
384	257,1.0;583,1.0;575,1.0;444,1.0;569,1.0;568,1.0;55,1.0;540,1.0;134,1.0;209,1.0
385	598,1.0;13,1.0;581,1.0;550,1.0;55,1.0;511,1.0;508,1.0;496,1.0;12,1.0;333,1.0
386	285,1.0;341,1.0;97,1.0;595,1.0;523,1.0;491,1.0;422,1.0;390,1.0;257,1.0;20,1.0
387	360,1.0;90,0.887778149441484;478,0.8738158941490306;138,0.846666610703511;13,0.8333333333333334;396,0.819274297236467;568,0.7794837629539572;382,0.7682685940750567;228,0.7601638752104442;207,0.7362900224883688
388	359,1.0;276,1.0;39,1.0;396,1.0;430,1.0;432,1.0;445,1.0;469,1.0;500,1.0;504,1.0
389	326,1.0;39,1.0;419,1.0;420,1.0;436,1.0;105,1.0;441,1.0;449,1.0;450,1.0;46,1.0
39	589,1.0;35,1.0;595,1.0;421,1.0;388,1.0;389,1.0;355,1.0;456,1.0;206,1.0;459,1.0
390	386,1.0;130,1.0;252,1.0;142,1.0;208,1.0;210,1.0;176,1.0;335,1.0;345,1.0;172,1.0
391	87,1.0;556,1.0;184,1.0;281,1.0;106,1.0;138,0.9927777575601618;278,0.9428090415820634;120,0.8819171036881969;35,0.8017837257372732;209,0.7816330003057923
392	577,1.0;416,1.0;69,1.0;75,1.0;78,1.0;86,1.0;261,1.0;399,1.0;441,1.0;24,1.0
393	142,1.0;353,1.0;337,1.0;342,1.0;174,1.0;191,1.0;578,1.0;558,1.0;395,1.0;345,1.0
394	463,1.0;80,1.0;490,1.0;497,1.0;503,1.0;557,1.0;531,1.0;542,1.0;193,1.0;348,1.0
395	537,1.0;591,1.0;521,1.0;30,1.0;238,1.0;583,1.0;493,1.0;492,1.0;241,1.0;270,1.0
396	269,1.0;558,1.0;549,1.0;268,1.0;388,1.0;218,1.0;170,1.0;31,1.0;515,1.0;492,1.0
397	131,1.0;483,1.0;22,1.0;290,1.0;140,1.0;568,1.0;552,1.0;246,1.0;410,1.0;91,1.0
398	437,1.0;510,1.0;7,1.0;539,1.0;115,1.0;268,1.0;459,1.0;241,1.0;210,1.0;58,1.0
399	405,1.0;188,1.0;120,1.0;225,1.0;151,1.0;270,1.0;191,1.0;206,1.0;293,1.0;598,1.0
4	360,1.0;544,1.0;518,1.0;299,1.0;396,1.0;378,0.9864400504156211;44,0.9827076298239908;502,0.9271726499455306;539,0.8910421112136306;521,0.8874119674649424
40	449,1.0;549,1.0;473,1.0;342,1.0;238,1.0;375,1.0;267,1.0;250,1.0;504,1.0;9,1.0
400	81,1.0;185,1.0;291,1.0;234,1.0;373,1.0;333,1.0;26,1.0;401,1.0;403,1.0;427,1.0
401	400,1.0;398,1.0;485,1.0;486,1.0;363,1.0;444,1.0;133,1.0;375,1.0;326,1.0;450,1.0
402	557,1.0;546,1.0;52,1.0;363,1.0;520,1.0;303,1.0;531,1.0;285,1.0;422,1.0;261,1.0
403	216,1.0;371,1.0;208,1.0;265,1.0;138,1.0;128,1.0;351,1.0;400,1.0;358,1.0;83,1.0
404	85,1.0;601,1.0;554,1.0;538,1.0;408,1.0;293,1.0;161,1.0;225,1.0;309,1.0;36,1.0
405	481,1.0;500,1.0;375,1.0;48,1.0;564,1.0;583,1.0;349,1.0;150,1.0;93,1.0;146,1.0
406	361,1.0;527,1.0;55,1.0;554,1.0;172,1.0;312,1.0;103,1.0;200,1.0;561,1.0;425,1.0
407	88,1.0;302,1.0;602,1.0;597,1.0;579,1.0;558,1.0;548,1.0;524,1.0;511,1.0;488,1.0
408	5,1.0;192,1.0;403,1.0;142,1.0;571,1.0;102,1.0;345,1.0;546,1.0;271,1.0;574,1.0
409	581,1.0;565,1.0;44,1.0;439,1.0;250,1.0;319,1.0;595,1.0;598,1.0;145,1.0;521,1.0
41	595,1.0;575,1.0;478,1.0;208,1.0;320,1.0;257,1.0;333,1.0;87,0.9707253433941511;571,0.9456511980726541;157,0.944911182523068
410	460,1.0;134,1.0;119,1.0;130,1.0;435,1.0;342,1.0;397,1.0;237,1.0;498,1.0;151,1.0
411	25,1.0;250,1.0;190,1.0;454,1.0;60,1.0;13,1.0;272,1.0;585,1.0;97,1.0;238,1.0
412	269,1.0;151,1.0;277,1.0;81,1.0;598,1.0;180,1.0;456,1.0;134,1.0;119,1.0;85,1.0
413	161,1.0;311,1.0;69,1.0;75,1.0;255,1.0;398,1.0;59,1.0;271,1.0;567,1.0;303,1.0
414	494,0.8040100054211154;431,0.7925590927610652;110,0.7698856316651363;392,0.7641180361141048;87,0.7512457176166563;348,0.72339361864688;72,0.7084867379273915;335,0.7006201647434107;473,0.686935387289342;467,0.6771823291047758
415	259,1.0;333,1.0;289,1.0;271,1.0;306,1.0;364,1.0;311,1.0;151,1.0;431,1.0;206,1.0
416	36,1.0;392,1.0;26,1.0;250,1.0;114,1.0;218,1.0;271,1.0;402,1.0;383,1.0;161,1.0
417	546,1.0;271,1.0;557,1.0;281,1.0;569,1.0;396,1.0;229,1.0;157,1.0;208,1.0;99,1.0
418	163,1.0;302,1.0;79,1.0;87,1.0;269,1.0;494,1.0;506,1.0;130,1.0;164,1.0;127,1.0
419	389,1.0;188,1.0;35,1.0;150,1.0;55,1.0;398,1.0;114,1.0;85,1.0;250,1.0;396,0.9943960626489652
42	252,1.0;92,1.0;568,0.9682458365518543;459,0.9428090415820635;371,0.9240616554505462;127,0.8557169633109855;431,0.8374325544608086;472,0.8070002078437537;185,0.7977240352174656;191,0.7767086669249632
420	208,1.0;550,1.0;250,1.0;530,1.0;516,1.0;496,1.0;494,1.0;492,1.0;238,1.0;467,1.0
421	205,1.0;169,1.0;376,1.0;408,1.0;460,1.0;334,1.0;585,1.0;36,1.0;216,1.0;435,1.0
422	205,1.0;433,1.0;373,1.0;439,1.0;44,1.0;441,1.0;133,1.0;237,1.0;130,1.0;338,1.0
423	591,1.0;98,1.0;88,1.0;79,1.0;431,1.0;329,1.0;309,1.0;110,1.0;316,1.0;344,1.0
424	530,1.0;188,1.0;529,1.0;44,1.0;148,1.0;194,1.0;255,1.0;157,1.0;203,1.0;394,1.0
425	442,1.0;545,1.0;406,1.0;333,0.9819805060619657;146,0.944911182523068;575,0.9045340337332909;9,0.8685990362153793;431,0.830348758212823;277,0.79555728417573;568,0.7655318158241112
426	502,1.0;506,1.0;244,1.0;585,1.0;412,1.0;295,1.0;257,1.0;433,0.9707253433941508;48,0.944911182523068;363,0.8866206949335731
427	431,1.0;164,1.0;609,1.0;511,1.0;46,1.0;12,1.0;118,1.0;227,1.0;402,1.0;541,1.0
428	146,1.0;253,1.0;472,1.0;496,1.0;508,1.0;550,1.0;85,1.0;138,1.0;87,0.9683296637314885;289,0.9297347899594899
429	563,1.0;293,1.0;401,1.0;493,1.0;513,1.0;462,1.0;460,1.0;298,1.0;287,1.0;266,1.0
43	61,1.0;338,1.0;231,1.0;466,1.0;310,1.0;224,1.0;491,1.0;10,0.9847319278346618;440,0.944911182523068;557,0.8838834764831844
430	13,1.0;378,1.0;375,1.0;36,1.0;272,1.0;38,1.0;121,1.0;78,1.0;71,1.0;373,1.0
431	297,1.0;339,1.0;532,1.0;607,1.0;260,1.0;437,1.0;455,1.0;76,1.0;405,1.0;360,1.0
432	388,1.0;360,1.0;535,0.9759616808569908;333,0.9733285267845753;188,0.944911182523068;530,0.8807048459279793;60,0.8;90,0.7650920556760059;293,0.7566444492037343;146,0.7139296476985627
433	384,1.0;485,1.0;51,1.0;527,1.0;533,1.0;543,1.0;557,1.0;564,1.0;268,1.0;583,1.0
434	138,1.0;127,1.0;545,1.0;547,1.0;87,1.0;296,0.9528475520005736;163,0.8892972917998876;35,0.8783100656536799;360,0.8703882797784892;90,0.806500141274697
435	341,1.0;133,1.0;421,1.0;410,1.0;337,1.0;437,1.0;447,1.0;450,1.0;454,1.0;455,1.0
436	540,1.0;390,1.0;492,1.0;49,1.0;87,1.0;487,1.0;110,1.0;295,1.0;190,1.0;228,1.0
437	467,1.0;478,1.0;127,1.0;511,1.0;371,1.0;550,1.0;581,1.0;595,1.0;324,1.0;398,1.0
438	329,1.0;92,0.9819805060619657;388,0.9767378938687896;87,0.970725343394151;324,0.9428090415820635;168,0.9045340337332909;473,0.8967847974698127;421,0.8882347881956881;575,0.8846517369293828;550,0.8401680504168059
439	558,1.0;192,1.0;542,1.0;54,1.0;507,1.0;485,1.0;484,1.0;479,1.0;467,1.0;258,1.0
44	362,1.0;445,1.0;257,1.0;176,1.0;193,1.0;79,1.0;424,1.0;409,1.0;342,1.0;246,1.0
440	258,1.0;416,1.0;268,1.0;222,1.0;403,1.0;234,1.0;317,1.0;216,1.0;595,1.0;554,1.0
441	449,1.0;456,1.0;389,1.0;529,1.0;530,1.0;546,1.0;569,1.0;74,1.0;99,1.0;130,1.0
442	377,1.0;59,1.0;425,1.0;356,1.0;20,1.0;339,1.0;610,1.0;111,1.0;254,1.0;390,1.0
443	162,1.0;530,1.0;36,1.0;149,1.0;539,1.0;31,1.0;188,1.0;114,1.0;321,1.0;398,1.0
444	310,1.0;20,1.0;228,1.0;108,1.0;270,1.0;190,1.0;401,1.0;25,1.0;377,1.0;143,1.0
445	271,1.0;388,1.0;101,1.0;146,1.0;218,1.0;293,1.0;48,1.0;529,1.0;539,1.0;546,1.0
446	203,1.0;168,1.0;546,1.0;293,1.0;581,1.0;13,1.0;311,1.0;60,1.0;431,1.0;97,1.0
447	74,1.0;60,1.0;591,1.0;581,1.0;550,1.0;539,1.0;511,1.0;487,1.0;471,1.0;460,1.0
448	92,0.8601512308077806;87,0.8563848794370409;397,0.7937253933193772;218,0.7874732108450512;9,0.7800738507387622;521,0.7735097501783469;253,0.767868896042439;206,0.7579900447118295;302,0.7308679571493671;588,0.7108272066221435
449	161,1.0;210,1.0;79,1.0;297,1.0;367,1.0;281,1.0;259,1.0;270,1.0;289,1.0;172,1.0
45	278,1.0;315,1.0;158,1.0;421,0.9507985365695811;333,0.9045340337332909;154,0.875;576,0.8660254037844386;88,0.8439857406933773;92,0.84375;214,0.808223859120487
450	205,1.0;14,1.0;277,1.0;213,1.0;389,1.0;371,1.0;350,1.0;378,1.0;22,1.0;229,1.0
451	586,1.0;362,1.0;567,1.0;455,1.0;444,1.0;531,1.0;246,1.0;536,1.0;475,1.0;172,1.0
452	214,1.0;154,1.0;60,1.0;568,1.0;472,1.0;285,1.0;296,0.9871054777475851;401,0.9684959969581862;250,0.9684959969581862;65,0.9271726499455306
453	508,1.0;87,1.0;258,1.0;556,1.0;207,1.0;92,1.0;545,0.9707253433941511;324,0.9442673704375605;231,0.8869423130433381;48,0.8406728074767075
454	185,1.0;376,1.0;36,1.0;361,1.0;400,1.0;435,1.0;218,1.0;297,1.0;242,1.0;79,1.0
455	431,1.0;97,1.0;22,1.0;251,1.0;435,1.0;67,1.0;396,1.0;272,1.0;210,1.0;451,1.0
456	228,1.0;310,1.0;396,1.0;341,1.0;308,1.0;39,1.0;441,1.0;105,1.0;95,1.0;80,1.0
457	557,1.0;545,1.0;538,1.0;528,1.0;444,1.0;512,1.0;511,1.0;504,1.0;494,1.0;459,1.0
458	259,1.0;194,1.0;30,1.0;326,1.0;348,1.0;377,1.0;296,1.0;390,1.0;248,1.0;44,1.0
459	39,1.0;527,1.0;260,1.0;348,1.0;359,1.0;396,1.0;479,1.0;108,1.0;371,1.0;27,1.0
46	351,1.0;210,1.0;164,1.0;228,1.0;377,1.0;389,1.0;118,1.0;36,1.0;427,1.0;309,1.0
460	337,1.0;447,1.0;181,1.0;496,1.0;506,1.0;429,1.0;421,1.0;126,1.0;32,1.0;410,1.0
461	451,1.0;243,1.0;238,1.0;27,1.0;260,1.0;535,1.0;539,1.0;36,1.0;563,1.0;575,1.0
462	545,1.0;429,1.0;360,1.0;92,1.0;529,0.9819805060619657;392,0.9266964086291873;315,0.8660254037844386;35,0.8401680504168059;127,0.83753151271601;375,0.8112760687023394
463	130,1.0;435,1.0;394,1.0;13,1.0;188,1.0;204,1.0;468,1.0;321,1.0;487,1.0;491,1.0
464	342,1.0;329,1.0;311,1.0;281,1.0;206,1.0;194,1.0;188,1.0;161,1.0;146,1.0;457,0.9731236802019037
465	521,1.0;575,1.0;574,1.0;162,1.0;150,1.0;157,1.0;546,1.0;88,1.0;44,1.0;531,1.0
466	43,1.0;532,1.0;470,1.0;235,1.0;240,1.0;333,1.0;224,1.0;56,1.0;284,1.0;444,1.0
467	338,1.0;470,1.0;416,1.0;239,1.0;536,1.0;552,1.0;155,1.0;193,1.0;557,1.0;287,1.0
468	164,1.0;396,1.0;267,1.0;450,1.0;532,1.0;268,1.0;204,1.0;494,1.0;293,1.0;463,1.0
469	388,1.0;281,1.0;598,1.0;138,1.0;146,0.9819805060619657;535,0.909610971830841;575,0.8728715609439696;463,0.8268688657895648;472,0.8157894736842105;151,0.8111071056538127
47	188,1.0;183,1.0;270,1.0;456,1.0;79,1.0;77,1.0;60,1.0;598,1.0;278,1.0;55,1.0
470	164,1.0;172,1.0;289,1.0;435,1.0;190,1.0;25,1.0;188,1.0;466,1.0;60,1.0;467,1.0
471	59,1.0;70,1.0;569,1.0;115,1.0;81,1.0;347,1.0;468,1.0;340,1.0;553,1.0;374,1.0
472	20,1.0;363,1.0;36,1.0;452,1.0;344,1.0;151,1.0;120,1.0;129,1.0;168,1.0;196,1.0
473	195,1.0;342,1.0;312,1.0;540,1.0;271,1.0;372,1.0;541,1.0;361,1.0;60,1.0;373,1.0
474	320,1.0;550,0.8000946913656627;150,0.7010455033329387;407,0.677019988433904;281,0.6659370021429085;9,0.6387348915166591;531,0.6349201434255743;72,0.6291709531976903;494,0.6251782727079168;366,0.6177248728191914
475	451,1.0;389,1.0;456,1.0;54,1.0;11,1.0;23,1.0;150,1.0;529,1.0;151,1.0;526,1.0
476	601,1.0;60,1.0;494,1.0;497,1.0;143,1.0;255,1.0;256,1.0;338,1.0;188,1.0;250,1.0
477	324,1.0;250,0.9185586535436918;87,0.8593378488473195;35,0.8385254915624211;575,0.8320926141738071;519,0.8304547985373997;547,0.7844645405527362;278,0.7673657369312419;535,0.7367431901505105;609,0.7346510420043816
478	346,1.0;323,1.0;195,1.0;254,1.0;244,1.0;99,1.0;90,1.0;10,1.0;171,1.0;121,1.0
479	107,1.0;270,1.0;431,1.0;349,1.0;218,1.0;374,1.0;451,1.0;213,1.0;468,1.0;26,1.0
48	513,1.0;503,1.0;500,1.0;79,1.0;488,1.0;90,1.0;333,1.0;120,1.0;400,1.0;335,1.0
480	87,0.8760940310493247;397,0.8571428571428571;595,0.8067473868280244;547,0.7905694150420948;496,0.786046511627907;90,0.7858682668274144;214,0.7857142857142857;576,0.7745966692414834;250,0.7677880303770211;515,0.7416198487095663
481	75,1.0;279,1.0;280,1.0;215,1.0;275,1.0;523,1.0;317,1.0;375,1.0;412,1.0;295,1.0
482	269,1.0;467,1.0;456,1.0;273,1.0;236,1.0;516,1.0;271,1.0;281,1.0;338,1.0;345,1.0
483	397,1.0;85,0.9607689228305227;87,0.9432422182837986;575,0.8998583423105397;278,0.8620359335045845;296,0.8321605925305443;578,0.7924058156930615;110,0.7574577835095283;163,0.7454993164109748;431,0.7453645654269341
484	203,1.0;25,1.0;87,1.0;302,1.0;485,1.0;439,1.0;154,1.0;556,1.0;172,1.0;576,1.0
485	71,1.0;62,1.0;553,1.0;551,1.0;451,1.0;22,1.0;439,1.0;433,1.0;423,1.0;267,1.0
486	146,1.0;601,1.0;238,1.0;467,1.0;487,1.0;505,1.0;435,1.0;164,1.0;365,1.0;401,1.0
487	450,1.0;341,1.0;38,1.0;384,1.0;583,1.0;6,1.0;8,1.0;94,1.0;283,1.0;179,1.0
488	281,1.0;157,1.0;568,1.0;550,1.0;261,1.0;205,1.0;366,1.0;384,1.0;407,1.0;315,1.0
489	85,0.9819805060619657;207,0.9690486871410391;87,0.9333456062030595;296,0.9239621907624059;324,0.9135002783911397;406,0.9042742967476822;110,0.8740152597547429;250,0.8406263683925863;278,0.8;90,0.7718110569901857
49	490,1.0;370,1.0;565,1.0;591,1.0;60,1.0;204,1.0;208,1.0;210,1.0;341,1.0;129,1.0
490	127,1.0;32,1.0;315,1.0;281,1.0;269,1.0;389,1.0;26,1.0;242,1.0;49,1.0;39,1.0
491	43,1.0;136,1.0;241,1.0;272,1.0;65,1.0;598,1.0;591,1.0;59,1.0;423,1.0;548,1.0
492	80,1.0;396,1.0;98,1.0;436,1.0;395,1.0;346,1.0;498,1.0;162,1.0;416,1.0;406,1.0
493	395,1.0;429,1.0;205,1.0;403,1.0;107,1.0;502,1.0;295,1.0;516,1.0;537,1.0;333,1.0
494	262,1.0;420,1.0;418,1.0;283,1.0;191,1.0;476,1.0;468,1.0;402,1.0;341,1.0;587,1.0
495	92,1.0;364,1.0;257,1.0;568,1.0;55,1.0;150,1.0;269,1.0;431,1.0;396,0.9820842820734641;299,0.9819805060619657
496	193,1.0;500,1.0;428,1.0;287,1.0;490,1.0;106,1.0;552,1.0;196,1.0;195,1.0;416,1.0
497	364,1.0;394,1.0;270,1.0;130,1.0;402,1.0;324,1.0;281,1.0;347,1.0;37,1.0;172,1.0
498	161,1.0;309,1.0;250,1.0;20,1.0;296,1.0;492,1.0;188,1.0;71,1.0;338,1.0;601,1.0
499	255,1.0;520,1.0;332,1.0;510,1.0;505,1.0;111,1.0;577,1.0;573,1.0;309,1.0;571,1.0
5	341,1.0;350,1.0;540,1.0;351,1.0;12,1.0;225,1.0;189,1.0;85,1.0;478,1.0;285,1.0
50	194,1.0;151,1.0;383,1.0;172,1.0;337,1.0;127,1.0;575,1.0;250,0.9819805060619657;253,0.9720028343615575;9,0.9707253433941511
500	293,1.0;25,1.0;48,1.0;388,1.0;158,1.0;343,1.0;405,1.0;203,1.0;147,1.0;164,1.0
501	102,1.0;60,1.0;422,1.0;316,1.0;113,1.0;15,1.0;264,1.0;340,1.0;279,1.0;273,1.0
502	9,1.0;88,1.0;87,1.0;528,1.0;61,1.0;605,1.0;601,1.0;593,1.0;449,1.0;553,1.0
503	48,1.0;571,1.0;299,1.0;184,1.0;31,1.0;575,1.0;145,1.0;71,1.0;92,1.0;55,1.0
504	12,1.0;61,1.0;327,1.0;99,1.0;13,1.0;371,1.0;245,1.0;577,1.0;388,1.0;40,1.0
505	376,1.0;172,1.0;368,1.0;131,1.0;499,1.0;454,1.0;216,1.0;33,1.0;234,1.0;367,1.0
506	76,1.0;301,1.0;51,1.0;460,1.0;426,1.0;254,1.0;418,1.0;148,1.0;7,0.9843241382880895;562,0.9819805060619657
507	29,1.0;261,1.0;22,1.0;52,1.0;215,1.0;439,1.0;162,1.0;365,1.0;98,1.0;375,1.0
508	385,1.0;115,1.0;267,1.0;449,1.0;276,1.0;339,1.0;187,1.0;244,1.0;560,1.0;571,1.0
509	138,1.0;485,1.0;578,1.0;595,1.0;188,1.0;440,1.0;238,1.0;589,0.9933992677987828;133,0.9931832879575959;118,0.9622504486493763
51	519,1.0;545,1.0;2,1.0;506,1.0;65,1.0;433,1.0;293,1.0;296,0.9571859726038533;423,0.9505863757867169;197,0.9278864088271779
510	173,1.0;259,1.0;146,1.0;571,1.0;574,1.0;582,1.0;341,1.0;502,1.0;281,1.0;145,1.0
511	392,1.0;437,1.0;267,1.0;385,1.0;260,1.0;208,1.0;430,1.0;299,1.0;266,1.0;369,1.0
512	285,1.0;252,1.0;457,1.0;348,1.0;74,1.0;272,1.0;97,1.0;30,1.0;13,1.0;146,1.0
513	47,1.0;205,1.0;190,1.0;585,1.0;36,1.0;48,1.0;316,1.0;429,1.0;108,1.0;89,0.996615895540124
514	60,1.0;529,1.0;259,0.9804255082438389;147,0.944911182523068;316,0.944911182523068;454,0.9185586535436918;442,0.8660254037844386;423,0.8465114486249204;37,0.8154355063002009;56,0.808912617432507
515	162,1.0;337,1.0;396,1.0;294,1.0;54,1.0;553,1.0;133,1.0;61,1.0;455,1.0;29,0.9185586535436918
516	566,1.0;124,1.0;20,1.0;149,1.0;420,1.0;493,1.0;440,1.0;482,1.0;218,1.0;90,1.0
517	389,0.9891004919611718;568,0.9819805060619657;278,0.9707253433941511;194,0.9707253433941508;277,0.9622504486493763;333,0.9607689228305227;364,0.922531208028885;518,0.9183336214098012;478,0.8971499589146108;508,0.8863184218031273
518	124,1.0;55,1.0;553,1.0;113,1.0;168,1.0;567,1.0;185,1.0;247,1.0;360,1.0;245,1.0
519	368,1.0;390,1.0;51,1.0;266,1.0;475,1.0;567,1.0;577,1.0;579,1.0;586,1.0;594,1.0
52	507,1.0;185,1.0;530,1.0;273,1.0;162,1.0;574,1.0;579,1.0;287,1.0;410,1.0;516,1.0
520	253,1.0;544,1.0;499,1.0;185,1.0;293,1.0;134,1.0;402,1.0;278,1.0;576,1.0;157,1.0
521	286,1.0;142,1.0;80,1.0;267,1.0;412,1.0;229,1.0;409,1.0;111,1.0;168,1.0;196,1.0
522	311,1.0;207,0.9732227014483793;595,0.944911182523068;529,0.9185586535436917;44,0.8672905986208661;575,0.8660254037844387;502,0.8660254037844387;535,0.8451542547285166;513,0.8319909279010133;242,0.8181818181818182
523	188,1.0;297,1.0;32,1.0;299,1.0;78,1.0;481,1.0;422,1.0;130,1.0;335,1.0;242,1.0
524	157,1.0;118,1.0;371,1.0;205,1.0;407,1.0;299,1.0;139,1.0;204,1.0;576,1.0;598,1.0
525	147,1.0;87,0.9053914609204583;150,0.9045340337332909;521,0.8660254037844387;192,0.8476290894688449;374,0.8340360973874237;467,0.8021806287494233;36,0.8012235194985605;536,0.7986208584745025;250,0.7907237076139133
526	281,1.0;148,1.0;230,1.0;205,1.0;291,1.0;27,1.0;579,1.0;435,1.0;216,1.0;96,1.0
527	139,1.0;145,1.0;433,1.0;237,1.0;406,1.0;106,1.0;194,1.0;539,1.0;537,1.0;302,1.0
528	598,1.0;127,1.0;281,1.0;188,1.0;224,1.0;457,1.0;478,1.0;482,1.0;502,1.0;422,1.0
529	424,1.0;212,1.0;246,1.0;155,1.0;228,1.0;268,1.0;362,1.0;133,1.0;441,1.0;450,1.0
53	282,0.0;410,0.0;274,0.0;177,0.0;42,0.0;1,0.0;368,0.0;469,0.0;357,0.0;198,0.0
530	52,1.0;29,1.0;86,1.0;97,1.0;98,1.0;567,1.0;215,1.0;327,1.0;443,1.0;441,1.0
531	58,1.0;350,1.0;504,1.0;122,1.0;347,1.0;120,1.0;512,1.0;149,1.0;568,1.0;444,1.0
532	530,1.0;114,1.0;316,1.0;85,1.0;101,1.0;468,1.0;225,1.0;311,1.0;136,1.0;466,1.0
533	101,1.0;583,1.0;369,1.0;585,1.0;594,1.0;184,1.0;67,1.0;70,1.0;316,1.0;252,1.0
534	118,1.0;360,1.0;431,1.0;188,1.0;253,0.9962709627734357;481,0.9683296637314885;218,0.9258200997725514;423,0.8904677315024646;214,0.8807048459279793;150,0.8660254037844387
535	131,1.0;167,1.0;73,1.0;79,1.0;96,1.0;553,1.0;48,1.0;327,1.0;261,1.0;212,1.0
536	542,1.0;147,1.0;75,1.0;343,1.0;467,1.0;553,1.0;451,1.0;316,1.0;172,1.0;449,1.0
537	395,1.0;180,1.0;259,1.0;369,1.0;493,1.0;32,1.0;186,1.0;271,1.0;100,1.0;367,1.0
538	457,1.0;404,1.0;388,1.0;60,1.0;346,1.0;566,1.0;564,1.0;12,1.0;497,1.0;326,1.0
539	549,1.0;558,1.0;592,1.0;422,1.0;443,1.0;445,1.0;109,1.0;121,1.0;588,1.0;27,1.0
54	60,1.0;97,1.0;558,1.0;293,1.0;161,1.0;549,1.0;272,1.0;439,1.0;475,1.0;422,1.0
540	99,1.0;5,1.0;191,1.0;90,1.0;74,1.0;609,1.0;588,1.0;587,1.0;121,1.0;572,1.0
541	257,1.0;473,1.0;108,1.0;272,1.0;422,1.0;571,1.0;309,1.0;427,1.0;310,1.0;194,1.0
542	90,1.0;364,1.0;568,1.0;536,1.0;548,1.0;546,1.0;151,1.0;207,1.0;505,1.0;337,1.0
543	197,1.0;273,1.0;293,1.0;320,1.0;165,1.0;494,1.0;433,1.0;184,0.917662935482247;366,0.9153257875912928;223,0.9004858158192863
544	579,1.0;520,1.0;107,1.0;340,1.0;33,1.0;136,1.0;80,1.0;15,1.0;4,1.0;303,1.0
545	15,1.0;17,1.0;462,1.0;51,1.0;119,1.0;86,1.0;11,1.0;132,1.0;84,1.0;434,1.0
546	153,1.0;93,1.0;86,1.0;586,1.0;591,1.0;81,1.0;72,1.0;61,1.0;349,1.0;465,1.0
547	434,1.0;178,1.0;116,1.0;380,1.0;479,1.0;215,1.0;552,1.0;263,1.0;254,1.0;18,1.0
548	343,1.0;216,1.0;98,1.0;97,1.0;601,1.0;594,1.0;557,1.0;491,1.0;542,1.0;260,1.0
549	396,1.0;54,1.0;539,1.0;185,1.0;27,1.0;101,1.0;113,1.0;108,1.0;191,1.0;496,1.0
55	220,1.0;260,1.0;385,1.0;495,1.0;419,1.0;131,1.0;129,1.0;445,1.0;518,1.0;100,1.0
550	117,1.0;130,1.0;121,1.0;437,1.0;215,1.0;290,1.0;107,1.0;369,1.0;337,1.0;340,1.0
551	377,1.0;157,1.0;360,1.0;293,1.0;259,1.0;257,1.0;253,1.0;568,1.0;74,1.0;440,1.0
552	388,1.0;60,1.0;5,1.0;397,1.0;138,1.0;306,1.0;496,1.0;283,1.0;146,1.0;467,1.0
553	583,1.0;575,1.0;180,1.0;502,1.0;283,1.0;242,1.0;147,1.0;134,1.0;515,1.0;518,1.0
554	574,1.0;404,1.0;106,1.0;595,1.0;440,1.0;444,1.0;281,1.0;13,1.0;284,1.0;406,1.0
555	388,1.0;87,1.0;459,1.0;320,1.0;154,1.0;401,0.944911182523068;538,0.8866206949335731;281,0.8660254037844387;397,0.8660254037844387;472,0.8587825834208538
556	204,1.0;323,1.0;319,1.0;453,1.0;313,1.0;115,1.0;282,1.0;222,1.0;358,1.0;391,1.0
557	604,1.0;558,1.0;548,1.0;108,1.0;433,1.0;346,1.0;394,1.0;299,1.0;154,1.0;283,1.0
558	344,1.0;246,1.0;574,1.0;366,1.0;379,1.0;598,1.0;285,1.0;46,1.0;174,1.0;210,1.0
559	272,1.0;311,1.0;338,1.0;539,1.0;511,1.0;139,1.0;581,1.0;143,1.0;205,1.0;309,1.0
56	466,1.0;345,1.0;10,1.0;23,1.0;113,1.0;20,1.0;449,1.0;342,1.0;435,1.0;497,1.0
560	87,1.0;360,1.0;508,1.0;120,0.9682458365518541;194,0.9660917830792959;127,0.9041944301794651;90,0.8964214570007952;496,0.8919017444789035;218,0.8807048459279793;521,0.8660254037844387
561	578,1.0;406,1.0;538,0.9105766291591555;9,0.8428571428571429;375,0.8281490112976974;396,0.8126446630475276;333,0.8058229640253802;26,0.7878917950219962;575,0.7857142857142857;281,0.7717436331412897
562	531,1.0;431,1.0;545,1.0;506,0.9819805060619657;250,0.9128709291752769;396,0.8880552080618114;148,0.8844639885164514;575,0.8708635721768008;440,0.8703882797784892;302,0.8660254037844387
563	498,1.0;461,1.0;92,1.0;79,1.0;60,1.0;591,1.0;127,1.0;299,1.0;571,1.0;197,1.0
564	405,1.0;401,1.0;412,1.0;538,1.0;535,1.0;468,1.0;273,1.0;524,1.0;204,1.0;433,1.0
565	203,1.0;59,1.0;285,1.0;13,1.0;409,1.0;146,1.0;540,1.0;228,1.0;118,1.0;401,1.0
566	502,1.0;172,1.0;516,1.0;278,1.0;422,1.0;538,1.0;25,1.0;188,1.0;365,1.0;467,1.0
567	102,1.0;467,1.0;345,1.0;206,1.0;316,1.0;173,1.0;451,1.0;571,1.0;413,1.0;518,1.0
568	460,1.0;153,1.0;551,1.0;10,1.0;169,1.0;176,1.0;495,1.0;312,1.0;134,1.0;296,1.0
569	168,1.0;89,1.0;441,1.0;416,1.0;241,1.0;457,1.0;164,1.0;445,1.0;384,1.0;471,1.0
57	472,1.0;106,1.0;388,1.0;175,1.0;478,0.9513029883089881;547,0.9185586535436918;87,0.9072221051385091;272,0.8868440532177395;55,0.8386278693775346;431,0.816496580927726
570	245,1.0;556,1.0;87,1.0;421,0.9315516419063742;55,0.9187453972470666;163,0.9045340337332909;85,0.8685990362153793;508,0.8660254037844387;449,0.8395949398077331;270,0.8337700005355814
571	510,1.0;567,1.0;344,1.0;23,1.0;153,1.0;329,1.0;456,1.0;502,1.0;503,1.0;508,1.0
572	508,1.0;269,1.0;371,1.0;540,1.0;545,1.0;550,1.0;449,0.9649012813540153;13,0.944911182523068;310,0.9223191051342514;61,0.9219544457292888
573	250,1.0;289,1.0;499,1.0;508,0.987829161147262;188,0.9505863757867169;320,0.9185586535436918;342,0.8795932074125606;92,0.8660254037844386;191,0.7825855808712295;510,0.7676930755764667
574	164,1.0;21,1.0;510,1.0;312,1.0;211,1.0;408,1.0;208,1.0;309,1.0;465,1.0;568,1.0
575	384,1.0;10,1.0;471,1.0;241,1.0;326,1.0;465,1.0;362,1.0;131,1.0;287,1.0;261,1.0
576	18,1.0;137,1.0;236,1.0;215,1.0;357,1.0;167,1.0;484,1.0;101,1.0;135,1.0;403,1.0
577	250,1.0;333,1.0;392,1.0;401,1.0;148,1.0;143,1.0;13,1.0;127,1.0;499,1.0;504,1.0
578	594,1.0;143,1.0;393,1.0;12,1.0;103,1.0;182,1.0;332,1.0;339,1.0;561,1.0;306,1.0
579	345,1.0;498,1.0;519,1.0;492,1.0;52,1.0;365,1.0;371,1.0;526,1.0;529,1.0;154,1.0
58	398,1.0;400,1.0;550,1.0;505,1.0;310,1.0;172,1.0;30,1.0;69,1.0;511,1.0;278,1.0
580	92,1.0;175,1.0;12,1.0;207,0.9819805060619657;87,0.9678053386344172;147,0.944911182523068;505,0.9379366108168787;550,0.9045340337332909;547,0.8728715609439696;194,0.8703882797784892
581	126,1.0;422,1.0;409,1.0;168,1.0;117,1.0;244,1.0;58,1.0;38,1.0;142,1.0;447,1.0
582	23,1.0;127,1.0;427,1.0;583,1.0;510,1.0;108,1.0;505,1.0;264,1.0;548,0.9045340337332909;426,0.8145965445846424
583	461,1.0;582,1.0;345,1.0;412,1.0;435,1.0;395,1.0;338,1.0;384,1.0;463,1.0;261,1.0
584	13,1.0;164,1.0;431,1.0;146,1.0;22,1.0;478,1.0;371,1.0;296,1.0;185,0.875;204,0.8703882797784892
585	244,1.0;242,1.0;230,1.0;367,1.0;258,1.0;20,1.0;583,1.0;411,1.0;257,1.0;568,1.0
586	403,1.0;431,1.0;451,1.0;519,1.0;504,1.0;276,1.0;147,1.0;245,1.0;546,1.0;191,0.9231861823449954
587	281,1.0;300,1.0;358,1.0;494,1.0;194,1.0;185,1.0;256,1.0;540,1.0;88,1.0;79,1.0
588	155,1.0;460,1.0;36,1.0;30,1.0;168,1.0;316,1.0;25,1.0;550,1.0;161,1.0;504,1.0
589	80,1.0;245,1.0;287,1.0;250,1.0;25,1.0;277,1.0;293,1.0;39,1.0;396,1.0;482,1.0
59	505,1.0;163,1.0;331,1.0;491,1.0;442,1.0;478,1.0;413,1.0;581,1.0;26,1.0;154,1.0
590	481,0.8872110601792478;214,0.8259685381260148;511,0.8029596341563497;25,0.7933767329057524;13,0.7884298457197201;302,0.766572113979736;366,0.7629317082614201;382,0.7475540286657482;467,0.7467286566323437;278,0.7433919416750281
591	395,1.0;88,1.0;71,1.0;70,1.0;447,1.0;371,1.0;197,1.0;174,1.0;196,1.0;518,1.0
592	188,1.0;342,1.0;390,1.0;539,1.0;118,1.0;97,1.0;310,1.0;277,1.0;466,1.0;36,1.0
593	403,1.0;257,1.0;481,1.0;138,1.0;218,1.0;333,1.0;454,1.0;518,1.0;502,1.0;146,0.987829161147262
594	533,1.0;293,1.0;245,1.0;505,1.0;378,1.0;519,1.0;406,1.0;511,1.0;106,1.0;578,1.0
595	390,1.0;39,1.0;17,1.0;233,1.0;153,1.0;437,1.0;41,1.0;509,1.0;32,1.0;109,1.0
596	431,1.0;595,1.0;406,1.0;92,1.0;269,1.0;207,1.0;575,1.0;194,1.0;442,1.0;403,0.9834151021607787
597	154,1.0;388,1.0;407,1.0;65,1.0;281,1.0;496,0.9684959969581862;209,0.929628223051304;299,0.8807048459279793;511,0.8660254037844387;296,0.861978533959514
598	412,1.0;409,1.0;304,1.0;210,1.0;528,1.0;359,1.0;385,1.0;491,1.0;47,1.0;399,1.0
599	382,0.7178828402981889;422,0.7172169687513126;60,0.7141911267421638;335,0.7110063631481992;72,0.6977486272671175;396,0.6619228121850413;297,0.6527117253757503;540,0.6417239076092756;120,0.6281466943065684;338,0.6271205363201373
6	258,1.0;185,1.0;92,1.0;30,1.0;487,1.0;272,1.0;10,0.9574271077563381;591,0.944911182523068;422,0.944911182523068;52,0.9258200997725514
60	235,1.0;473,1.0;70,1.0;49,1.0;471,1.0;120,1.0;159,1.0;216,1.0;161,1.0;446,1.0
600	175,1.0;547,0.8574324032083308;60,0.8215838362577491;296,0.8162430744673294;209,0.7957360766677604;578,0.790695492614867;205,0.7769546554242183;505,0.7515770634925486;124,0.740083872227354;609,0.7149203529842405
601	8,1.0;208,1.0;130,1.0;609,1.0;423,1.0;101,1.0;94,1.0;502,1.0;284,1.0;402,1.0
602	185,1.0;218,1.0;13,1.0;473,1.0;450,1.0;12,1.0;581,1.0;139,1.0;407,1.0;311,1.0
603	106,1.0;87,1.0;228,0.8778086039709793;324,0.8703882797784892;550,0.8660254037844387;306,0.8660254037844387;236,0.8533968788456153;37,0.8062755464615244;120,0.7534677234406274;285,0.7432773415445959
604	80,1.0;87,1.0;158,1.0;123,1.0;351,1.0;118,1.0;299,1.0;267,1.0;110,1.0;252,1.0
605	36,1.0;511,1.0;209,1.0;502,1.0;158,1.0;258,1.0;496,1.0;435,0.9607689228305227;422,0.944911182523068;531,0.9316949906249123
606	485,0.9561828874675149;360,0.944911182523068;158,0.9428090415820635;506,0.8530231994567143;207,0.8446530265013354;529,0.8400420031502626;120,0.8350973105825663;142,0.8056094727078105;281,0.7848249653549152;228,0.7594132935455697
607	406,1.0;154,1.0;431,1.0;473,1.0;511,1.0;106,1.0;550,1.0;146,1.0;92,1.0;371,0.9525793444156804
608	388,0.9770328898671672;397,0.9375151330497745;158,0.8497000840616723;550,0.8364283610093426;407,0.7703020209857269;293,0.75955452531275;595,0.7453559924999299;406,0.7287509117826718;207,0.7095651264745612;431,0.7067674746123496
609	601,1.0;80,1.0;412,1.0;110,1.0;553,1.0;549,1.0;98,1.0;351,1.0;161,1.0;427,1.0
61	384,1.0;271,1.0;479,1.0;398,1.0;126,1.0;579,1.0;229,1.0;170,1.0;225,1.0;113,1.0
610	442,1.0;576,1.0;545,1.0;158,0.9113223768657671;92,0.9036961141150639;595,0.8944271909999159;120,0.8795367562872954;463,0.8231804478074604;138,0.8221921916437787;494,0.8117607797063445
62	163,1.0;253,1.0;485,1.0;451,1.0;345,0.9819805060619657;145,0.9819805060619657;46,0.9683296637314885;568,0.9655810287305759;411,0.9064942077733621;458,0.9063269671749657
63	85,1.0;207,1.0;518,1.0;467,0.9819805060619657;575,0.944911182523068;87,0.9176629354822471;358,0.917662935482247;511,0.9148504035248508;206,0.8798826901281198;120,0.8783100656536799
64	92,1.0;506,0.944911182523068;545,0.9438798074485389;194,0.8685990362153793;496,0.8441622892989752;481,0.8230548917531015;375,0.7684425936852629;407,0.7590524802080311;383,0.7588103745263612;184,0.7307692307692307
65	183,1.0;23,1.0;114,1.0;577,1.0;491,1.0;51,1.0;133,1.0;205,1.0;117,1.0;597,1.0
66	245,1.0;146,0.9910312089651149;207,0.989743318610787;519,0.8685990362153793;383,0.8528028654224417;478,0.8411910241920598;296,0.8287419301647448;505,0.8131571126147261;548,0.806225774829855;315,0.7559289460184544
67	507,1.0;321,1.0;118,1.0;347,1.0;512,1.0;172,1.0;36,1.0;297,1.0;291,1.0;71,1.0
68	320,0.632385520613479;546,0.6158047125280369;175,0.6072306785645523;544,0.6056978774101713;293,0.6002842255014932;92,0.5784602168659058;531,0.5374089179760849;529,0.5269408568963567;180,0.522023835745283;392,0.5094602671111246
69	58,1.0;74,1.0;550,1.0;457,1.0;205,1.0;30,1.0;392,1.0;413,1.0;168,1.0;26,1.0
7	188,1.0;128,1.0;571,1.0;398,1.0;545,1.0;295,1.0;506,0.9843241382880895;150,0.944911182523068;9,0.925;180,0.8944271909999159
70	270,1.0;242,1.0;533,1.0;123,1.0;85,1.0;185,1.0;130,1.0;335,1.0;550,1.0;319,1.0
71	503,1.0;215,1.0;485,1.0;444,1.0;14,1.0;26,1.0;272,1.0;326,1.0;353,1.0;37,1.0
72	539,1.0;158,1.0;595,1.0;546,1.0;293,1.0;161,1.0;216,1.0;516,1.0;550,1.0;272,1.0
73	364,1.0;347,1.0;373,1.0;236,1.0;218,1.0;5,1.0;303,1.0;311,1.0;297,1.0;145,1.0
74	374,1.0;27,1.0;94,1.0;266,1.0;258,1.0;540,1.0;109,1.0;493,1.0;551,1.0;230,1.0
75	225,1.0;375,1.0;536,1.0;481,1.0;463,1.0;159,1.0;413,1.0;170,1.0;392,1.0;143,1.0
76	253,1.0;516,1.0;342,1.0;92,1.0;90,1.0;595,1.0;157,1.0;172,1.0;478,1.0;529,1.0
77	306,1.0;89,1.0;450,1.0;252,1.0;47,1.0;143,1.0;422,1.0;473,1.0;70,1.0;472,0.9583727150068313
78	435,1.0;101,1.0;36,1.0;472,1.0;511,1.0;467,1.0;355,1.0;106,1.0;205,1.0;309,1.0
79	205,1.0;44,1.0;324,1.0;563,1.0;587,1.0;48,1.0;505,1.0;423,1.0;139,1.0;449,1.0
8	467,1.0;316,1.0;601,1.0;13,1.0;581,1.0;168,1.0;260,1.0;550,1.0;427,1.0;267,1.0
80	394,1.0;544,1.0;492,1.0;36,1.0;176,1.0;250,1.0;358,1.0;253,1.0;478,1.0;110,1.0
81	259,1.0;161,1.0;331,1.0;168,1.0;146,1.0;546,1.0;550,1.0;412,1.0;400,1.0;471,1.0
82	147,1.0;281,1.0;154,1.0;289,1.0;158,1.0;252,1.0;320,1.0;207,1.0;568,1.0;245,1.0
83	208,1.0;473,1.0;355,1.0;499,1.0;403,1.0;12,1.0;273,1.0;99,1.0;568,1.0;163,1.0
84	146,1.0;545,1.0;371,1.0;406,1.0;207,1.0;299,1.0;138,1.0;148,1.0;396,0.9585144756340407;161,0.9486832980505138
85	411,1.0;212,1.0;380,1.0;117,1.0;348,1.0;328,1.0;567,1.0;412,1.0;510,1.0;5,1.0
86	23,1.0;545,1.0;250,1.0;161,1.0;205,1.0;377,1.0;392,1.0;530,1.0;546,1.0;568,1.0
87	434,1.0;555,1.0;306,1.0;232,1.0;460,1.0;286,1.0;354,1.0;253,1.0;282,1.0;418,1.0
88	218,1.0;39,1.0;457,1.0;113,1.0;367,1.0;161,1.0;407,1.0;69,1.0;234,1.0;360,1.0
89	281,1.0;142,1.0;130,1.0;218,1.0;516,1.0;421,1.0;184,1.0;145,1.0;289,1.0;350,1.0
9	334,1.0;186,1.0;88,1.0;144,1.0;97,1.0;233,1.0;215,1.0;32,1.0;61,1.0;585,1.0
90	246,1.0;128,1.0;193,1.0;48,1.0;168,1.0;76,1.0;408,1.0;133,1.0;540,1.0;478,1.0
91	397,1.0;442,1.0;3,0.9773555548504418;388,0.9176629354822471;87,0.8703882797784892;184,0.8164965809277261;582,0.808223859120487;55,0.7494330166358233;25,0.71875;516,0.714431531519914
92	563,1.0;42,1.0;129,1.0;503,1.0;22,1.0;580,1.0;15,1.0;583,1.0;354,1.0;462,1.0
93	481,1.0;13,1.0;252,1.0;358,1.0;180,1.0;398,1.0;157,1.0;546,1.0;2,1.0;118,1.0
94	272,1.0;277,1.0;30,1.0;269,1.0;511,1.0;581,1.0;252,1.0;209,1.0;390,1.0;471,1.0
95	456,1.0;92,1.0;444,1.0;13,1.0;396,1.0;158,1.0;355,1.0;3,1.0;283,1.0;269,1.0
96	320,1.0;535,1.0;172,1.0;575,1.0;300,1.0;526,1.0;293,1.0;289,1.0;218,1.0;378,1.0
97	592,1.0;102,1.0;109,1.0;548,1.0;541,1.0;54,1.0;455,1.0;530,1.0;280,1.0;296,1.0
98	507,1.0;259,1.0;502,1.0;335,1.0;245,1.0;548,1.0;353,1.0;161,1.0;492,1.0;192,1.0
99	540,1.0;83,1.0;95,1.0;111,1.0;341,1.0;344,1.0;312,1.0;22,1.0;36,1.0;71,1.0
